[0, 1, 0, 0, 20, 0]
[0, -1, 0, 0, 20, 0]
[1, 1, 9612619124590682364, 15753824465305802700, 20, -5767754844466708147205722954967342870592045675/84896]
[1, -1, 9612619124590682364, 24205806331956773701, 20, []]
[2, 1, 0, 25604540444022393612, 20, []]
[2, -1, 0, 14355090353240182789, 20, []]
[3, 1, 15689919765155350822, 0, 20, []]
[3, -1, 15689919765155350822, 0, 20, []]
[5, 1, 1041754861902485245, 9377481531775757391, 20, -5787039714655942578956933007139767241846627873/583757]
[5, -1, 1041754861902485245, 30582149265486819010, 20, []]
[6, 1, 25709083385593748936, 21422064560181509670, 20, 4430383010283474303251188801071013332025326543/269891]
[6, -1, 25709083385593748936, 18537566237081066731, 20, 5095023113120651182229041024812642236565841078/69943]
[7, 1, 20404560332867475257, 6796647225602803132, 20, 6263405402618487495299424789533630982152340476/68961]
[7, -1, 20404560332867475257, 33162983571659773269, 20, -8083656736902068862675731289449240812202390348/2075]
[8, 1, 19366358616192423252, 24269418590479339380, 20, []]
[8, -1, 19366358616192423252, 15690212206783237021, 20, 330401406747434519209268942560526129822614295/924004]
[9, 1, 21496446267724517273, 32177574937439786535, 20, []]
[9, -1, 21496446267724517273, 7782055859822789866, 20, 7245628726016070664133315011781276525592124417/418761]
[10, 1, 25323872690777682519, 1740511025919598485, 20, 4020485173305054447507030309170631193442022550/898167]
[10, -1, 25323872690777682519, 38219119771342977916, 20, []]
[11, 1, 32119217378802139983, 25604540444022393611, 20, 2760594872189505654436010186618156194131094711/556523]
[11, -1, 32119217378802139983, 14355090353240182790, 20, -5727340129855322117971774922190706637257182374/628263]
[12, 1, 36143399648248716214, 2805520008663473258, 20, 762004082829324023838115502425260004362326199/157886]
[12, -1, 36143399648248716214, 37154110788599103143, 20, []]
[16, 1, 20113619310467101835, 35811875707840252067, 20, []]
[16, -1, 20113619310467101835, 4147755089422324334, 20, -1268359924634073502758357698526934051999618476/98477]
[17, 1, 35268537278340000043, 26038458367357019797, 20, []]
[17, -1, 35268537278340000043, 13921172429905556604, 20, []]
[18, 1, 26888841228138101605, 0, 20, []]
[18, -1, 26888841228138101605, 0, 20, -6699067302205188340904687869820741561165172181/512567]
[20, 1, 12134855516053612789, 0, 20, -5919625359595153205603305059052704640870943245/886623]
[20, -1, 12134855516053612789, 0, 20, []]
[21, 1, 1365570778511686234, 20133780991039626182, 20, []]
[21, -1, 1365570778511686234, 19825849806222950219, 20, []]
[22, 1, 37340500601231700374, 0, 20, 749917626602079258964209219451065824828538446/881875]
[22, -1, 37340500601231700374, 0, 20, -2601092240300912705304993395025153510527332169/33371]
[23, 1, 10436404387247052563, 24387756404336671801, 20, []]
[23, -1, 10436404387247052563, 15571874392925904600, 20, []]
[25, 1, 35583023532213078583, 206128861327765916, 20, []]
[25, -1, 35583023532213078583, 39753501935934810485, 20, -3140416140546134526024678004775481353062453859/887824]
[26, 1, 33922688619254807761, 23629369460346749595, 20, []]
[26, -1, 33922688619254807761, 16330261336915826806, 20, 4568819052159264181888182165164888074909781755/17663]
[27, 1, 35973944362764357672, 14567273519923615548, 20, -3086734787159255278875532732599410200113965944/442609]
[27, -1, 35973944362764357672, 25392357277338960853, 20, 8907972206484255516780240845878416885123909233/983954]
[29, 1, 23595427930347506994, 24814353156989861573, 20, []]
[29, -1, 23595427930347506994, 15145277640272714828, 20, []]
[30, 1, 21821078605999594777, 36060896779607538205, 20, []]
[30, -1, 21821078605999594777, 3898734017655038196, 20, 4440526130252129898250510031692023355624749157/900259]
[32, 1, 21289380496646726213, 0, 20, 1772763523277704118952290591192736543787587817/796294]
[32, 1, 7840413418460436417, 14355090353240182788, 20, []]
[32, -1, 21289380496646726213, 0, 20, []]
[32, -1, 7840413418460436417, 25604540444022393613, 20, []]
[33, 1, 25583156907768870, 11560589196888121637, 20, -4175789969041992050205025196849195553643903945/69243]
[33, -1, 25583156907768870, 28399041600374454764, 20, -2459781227115439708597212880512840954443475702/623231]
[34, 1, 6535394784562237397, 0, 20, -7389936296791355847194549906637865195062329647/660021]
[34, -1, 6535394784562237397, 0, 20, 4422742537991790275308603979282270100760435402/284031]
[36, 1, 31677905561301520941, 24795083465456222703, 20, -7025694739463754426633590636744485385066116852/920843]
[36, -1, 31677905561301520941, 15164547331806353698, 20, []]
[37, 1, 30070424009072414063, 26590802689429443842, 20, 5729302309562392907644391776846189685869086159/632324]
[37, -1, 30070424009072414063, 13368828107833132559, 20, 1192031399802754241783553998568437318397658666/580143]
[40, 1, 24824571885212152921, 4579917318575112473, 20, 6730820456777773336197092161959062926433737835/212733]
[40, -1, 24824571885212152921, 35379713478687463928, 20, 1838994594756665112056598053616006986916091261/573074]
[42, 1, 39959630797262576400, 1, 20, -3413010930519699304577267156241858635833275985/544659]
[42, -1, 39959630797262576400, 39959630797262576400, 20, 1706505465259849652288633578120929317916365663/544659]
[-1, 1, 0, 0, 20, 0]
[-1, -1, 0, 0, 20, 0]
